# Created by Octave 3.2.4, Sat May 15 10:44:16 2010 BST <work@debian>
# name: randstate
# type: matrix
# rows: 625
# columns: 1
 2147483648
 837952130
 4259751540
 2619447210
 3722802947
 3321063857
 3990621176
 1864555341
 2490522349
 3020748075
 3599890017
 113841795
 1611062438
 163472591
 4074286703
 3823046358
 525086709
 3558039786
 338401280
 1266016856
 3280419861
 3769268819
 1467717046
 2719295909
 2521905732
 151975492
 3394741835
 1149044228
 539666914
 1675679900
 3760308947
 1396335857
 3126991964
 1257379233
 915975395
 3344790679
 2841243437
 4172420262
 4244836429
 3176656077
 3169953219
 505884992
 2053434925
 1876628471
 3257989844
 2109814314
 3419672762
 3611800950
 49985061
 2552352182
 1000425455
 666444016
 18066115
 3630981032
 2763006698
 3021322642
 2393647084
 3688467548
 312559784
 1767237403
 1996075790
 780786370
 2361789296
 3304994226
 2348787127
 577800308
 2595906839
 4080711660
 2031094515
 3999365250
 1285351585
 3616488103
 2878123644
 4049505856
 1613910151
 3085986780
 2850819902
 1876597664
 1905427705
 1481659470
 3866655588
 3759450395
 3564214702
 995048672
 82002533
 213693276
 2484304229
 1862467752
 2329518035
 1734368880
 405809009
 2918823239
 2668937829
 1356521834
 3030988927
 698707624
 2620058192
 1625324558
 2876389594
 1564961910
 1694568244
 2101314681
 2874878930
 2361934236
 120814358
 2826941154
 613857978
 2442324153
 1782208054
 3780970816
 3624379658
 721219736
 2063089816
 1035253289
 4213584688
 1317616531
 1232546414
 3457677619
 2249059416
 3790013827
 1306559790
 996774561
 2562557357
 2055714147
 2460848675
 1426915078
 2089193476
 1676970370
 1280252436
 3065958791
 3527014869
 3410263828
 3606580970
 796691198
 193666611
 3049848665
 3536396801
 3565210064
 1275083399
 4073000575
 3503926486
 3291029305
 3912978010
 569830948
 2464528138
 2560585608
 3186886002
 1633347942
 1511106653
 676800865
 6744330
 3302914346
 1601863432
 2322402148
 1234391734
 3074179527
 3239747122
 2713899724
 4030382160
 1754136377
 71606115
 685751210
 1692293853
 1930360671
 1276589267
 873111743
 2708369835
 178806441
 1632682216
 2115316716
 2864341457
 3499456709
 344542591
 1532222944
 3327512439
 2485455819
 2461170252
 4173332835
 3524867036
 763105634
 4037022250
 2393497379
 1247565734
 588140086
 358833852
 1096527051
 1670295226
 2650669333
 3162217442
 4067804328
 2337507532
 2614817723
 2338885240
 3569824022
 2187444544
 3344948740
 2973561611
 3269130475
 2674105264
 1960157687
 297233667
 1100878708
 1893663942
 1618755420
 2044775428
 204123823
 3592148846
 500347272
 408893132
 3638986809
 3611250946
 4117355695
 3413106806
 564886359
 1781446695
 3656012589
 1494660303
 3759163598
 94418625
 2636304109
 2823817762
 1650298028
 2345547717
 4082843612
 3474347403
 4159006981
 1790285793
 2890701069
 3288354950
 1583428361
 1016185070
 4114807453
 3922264708
 3441817101
 2066299142
 3407481461
 2680493102
 3171813330
 3945367123
 3977259920
 3458872182
 4166585913
 184052571
 1459994454
 2910670789
 2662926670
 2387784693
 4083682622
 1109353728
 4285591577
 3649974612
 1673841924
 1347402454
 341225749
 1087421526
 1646435203
 2135861472
 1834542269
 2070671328
 1829816968
 2240353732
 3856000386
 294886673
 3437959769
 2031718772
 4037287128
 2882114994
 3784046362
 2204136974
 4120865295
 4203688737
 1116630246
 286185218
 2260675934
 1177665870
 1641241196
 2575651473
 1576989275
 641434943
 499171250
 1074208609
 968370781
 187983733
 2765831356
 4711992
 4231892377
 2936925869
 4012873148
 2357175305
 1490274386
 552102405
 3196560989
 1142333951
 394489346
 3956682117
 73557441
 1901970159
 1711838910
 3621031170
 2973616535
 840667342
 3636938800
 3857027121
 489249419
 985492842
 2072904342
 296479358
 2199916479
 2851052036
 3852497772
 694211510
 984521814
 1089546075
 2198061943
 599522038
 665663806
 2382758107
 3514866422
 100739067
 1337826597
 2083863216
 2736900819
 3005121517
 1781421802
 2622427598
 2788384265
 562957440
 2674971752
 3785910377
 42596606
 3886805032
 3428904191
 591875316
 3940137295
 1982734875
 1222934179
 4210121586
 44881185
 3554499850
 716187215
 240991064
 2900219652
 2855196368
 2429104986
 1274825922
 3729419539
 2898679659
 2067052330
 488520650
 2151120864
 2530749617
 3489494239
 779122150
 4213236511
 2390167531
 4001627990
 3535570730
 3269902221
 929846534
 4134650987
 235242111
 2718308221
 4039055061
 849718899
 1248562477
 363217601
 2827849148
 2664914206
 527170309
 2296987620
 2555530705
 4264810904
 3155942928
 1429054730
 1278662539
 1066378818
 2215569610
 327193682
 2313693476
 1675165673
 2615611205
 1600734512
 1567188114
 3400301646
 3780943209
 687982517
 1953300636
 2258136513
 3934494586
 985420427
 1980722399
 2365514945
 3271303663
 1789385290
 1003214971
 4098660853
 1256164555
 1657339181
 3567052768
 459005587
 2775164853
 2128368004
 2403695044
 217802784
 1059342417
 645989294
 2246978751
 2648883450
 3286176187
 4106326080
 705083085
 2187270136
 3487080871
 2024630211
 3426108923
 2622593744
 2777426467
 2885607731
 995364074
 4202861289
 2311223760
 4265646911
 407813656
 206519872
 1346505890
 2157887638
 1955349634
 3725388412
 3943922330
 4149043822
 1469323852
 72776090
 536170531
 1999664995
 1823928880
 1579317768
 3387791989
 3906935886
 1823322494
 2151752486
 599952757
 3003101778
 3826792581
 133735225
 715222879
 124114794
 463831783
 3987523468
 1977075870
 2750234064
 932770618
 700557261
 371219613
 926982658
 2709624004
 1613365895
 2944614606
 1184078281
 672034863
 2698983612
 1375197566
 326048384
 3189505426
 58356155
 1930577319
 907586163
 193752632
 700783360
 4123860416
 4198746828
 1081950240
 174001596
 1100768868
 3760192685
 1709017536
 1302673481
 1810033034
 3844429038
 3042067849
 574746353
 726201600
 2860426192
 1833478615
 2518390367
 3412983445
 3955056216
 4275577374
 414241002
 844641881
 1288237276
 1349401799
 1748217267
 3007544477
 427221876
 1596183013
 2806708558
 3059726784
 3335303839
 2165412523
 4036309336
 3926332793
 2276104059
 3244523210
 1164901902
 2327881382
 3959489818
 4274521939
 1332441702
 3072759351
 2365632507
 3777778243
 3291345703
 1209335075
 1830861746
 3861109665
 864566977
 4270179971
 761710709
 3155937265
 3830428013
 1829628343
 7666336
 1985904354
 3378680445
 3643162569
 2729217194
 503328385
 1373380720
 1685552450
 1966924065
 658348444
 2386068555
 1451846629
 1631576294
 1459344814
 2993901645
 1358083721
 4069861007
 1924124562
 1997058996
 1079019175
 1623928896
 792852867
 1114660790
 1352983135
 3941893706
 210014941
 2023375531
 3157345481
 2372169378
 2308208850
 1344122971
 949600180
 2698456570
 175058868
 3057422118
 1154041364
 2483380387
 2228964783
 3312907375
 3122011444
 3739954794
 1314663917
 281832193
 2939776189
 2973204580
 805550281
 694001117
 311325081
 994087752
 1419343958
 3587432324
 2948902441
 2537326380
 3618860420
 3717764303
 1898129664
 1321766475
 3747279656
 3540425785
 2554750394
 488344317
 2923143651
 3679591122
 3529795084
 1400586213
 328113078
 2335516426
 607562575
 1878860276
 3288801840
 1864791518
 2178764379
 2677147151
 2661211137
 159142491
 3741707265
 3095440667
 1079948556
 1847234490
 3281865135
 2919468655
 703092646
 3140694901
 3166101125
 1096461351
 1078787381
 528394004
 4211302521
 2653102607
 914981553
 2538658186
 3800434056
 1527633795
 1335142751
 701875642
 1468708515
 2439644158
 1310254318
 4159836879
 4178688161
 4245698646
 272285896
 2699349561
 1

## end of randstate.m

